10031080900 0
10031994215 0
10276391917 0
10313557537 0
10402071863 0
10826063736 0
10898255329 0
10932789204 0
11084174628 1
11151379535 1
11182712820 0
11222430092 1
11250977112 1
11360556282 1
11438101888 0
11501258141 0
11538098770 1
11581092199 0
11837016096 0
11942894685 1
11964076776 0
12123213706 0
12124710868 1
12216647286 0
12285869290 1
12287727103 0
12288387045 0
12288519240 0
12378821174 0
12414551220 0
12441071542 0
12442169938 0
12442329370 0
12477535006 0
12507236437 1
12540099788 0
12603156956 0
12630150453 1
12654431093 1
12662034072 1
12664068005 1
12666286386 1
12695585126 0
12695729092 0
12726186186 0
12726784340 0
12757294341 0
12757408265 0
12758184584 0
12788488086 0
12789225212 0
12790739984 1
12794183820 1
12852534234 0
12853256975 1
12924953614 1
12988688370 1
12993249791 0
13064253526 0
13098999976 1
13172370214 0
13204227708 0
13205228574 0
13347733575 1
13745664038 1
14451934569 1
14572844402 1
14573415538 1
3430152690624619 0
3430345267632918 0
3430383133707152 1
3431227216808899 0
3431231695494904 1
3431580661805230 0
3432988069095587 0
3433412746212220 0
3434123093914908 0
3434607531680999 1
3435379665282363 0
3435462423700876 0
3435944865073410 0
3436221394759868 0
3437038370353137 0
3437385528756866 0
3438126422716322 1
3438126712625357 0
3438378559523372 0
3438850393633316 1
3438851680668391 0
3439501617989602 0
3441898884198732 0
3443197621791689 0
3443562526241064 0
3444270725950234 0
3444649723405400 0
3445012077720918 0
3445012135801368 0
3446822750294525 0
3448272473065999 0
3448772157944114 0
3449723124357728 0
3450436449719481 0
3451032509723824 0
3451896397863435 0
3451896830701129 0
3453709093058161 0
3454256721550776 0
3456246314758621 1
3456842262740516 0
3457694545547586 0
3458398181964394 0
3458611764623621 0
3459500143198767 0
3461318323189724 0
3461662084591146 0
3461998882473751 0
3463065243217426 0
3463366842612838 0
3463847677679141 1
3464440706287072 0
3464943167241703 1
3465275926531305 0
3466392541755336 0
3466392886449857 0
3466393016510094 0
3466393099626132 0
3466559253185680 0
3466755555287130 0
3467116651017002 0
3467477021043106 0
3467620471081810 0
3467820220106487 0
3468203235510418 0
3468204649472402 0
3469652535729793 0
3469654431140098 0
3470014621826783 0
3470379446370355 0
3471103924123845 0
3471447018505175 0
3471463854399715 0
3471807346984830 0
3471820328261648 0
3472189711824480 1
3473618312472201 0
3473987764367627 0
3474295018100641 0
3474726662318343 0
3475812663319170 0
3476176397792474 0
3477264421699168 0
3477623935884031 0
3477989117589821 0
3478713406418470 0
3479604658932357 0
3480160911370792 0
3480524767435929 0
3480528210276525 0
3480826623197529 0
3482907555552365 0
3483033246135049 0
3483251991815500 0
3483327027791525 0
3483934161391991 0
3484491677245790 1
3486274633376676 0
3486688405703165 0
3486908975574158 0
3487165072180570 0
3488131343069735 0
3488136284266282 0
3488491822842461 0
3488643824348820 0
3488795100412304 0
3488846258262847 0
3489762868350456 0
3489846120931927 1
3491387909846822 0
3491392452054564 0
3491392947295217 0
3491758837369120 0
3492120985737840 0
3492483105635164 0
3493209369705753 0
3493571552813069 0
3493572253028860 0
3494274467714165 0
3495366957480235 0
3495745049431350 1
3495965648820880 0
3496411741555677 0
3497885721431130 0
3498283227865304 0
3498817838136682 0
3499370114821597 0
3499370391367613 0
3500808966857156 0
3501181219249446 0
3501902090262385 0
3502560654807856 0
3504081404663103 0
3504442924082177 0
3505168220090831 0
3505168446637010 0
3505889074147625 0
3506620472685845 0
3507704809629389 0
3507881092054394 0
3508426460182136 0
3509152141445666 0
3509508498195418 0
3510203054091335 0
3511691369566852 0
3511691541331050 0
3512051848589820 0
3512553508509210 0
3512580532102919 0
3512912226090475 0
3512931536474903 0
3513415538078719 0
3513470567836847 0
3513862995205247 0
3513862995205475 0
3513865146520654 0
3514227895561500 0
3514228076081484 0
3514513053468659 0
3514951601817568 0
3514952302549626 0
3514952948621219 0
3515314811949585 0
3516763150499458 0
3517126788266160 0
3517127263003572 0
3517127279707854 0
3518093202527963 0
3518572129572801 0
3518899230287127 1
3519294278985282 0
3519295285474674 0
3520388677944154 0
3520388745059583 0
3520647763866891 0
3520689485118838 0
3521475090385824 0
3521475115554592 0
3521768570599275 1
3521769870254421 0
3521801747516950 1
3521811331081311 0
3522200353278168 0
3522923463392487 0
3522924717364482 0
3524005681870859 0
3524364710316855 1
3525097014637449 0
3525098818126560 0
3525824579642062 0
3528353220590227 0
3528985663560555 0
3529446583363723 0
3530534610992844 0
3530782356144891 0
3531259877515654 0
3531260229612051 0
3531260389010566 0
3531579949138011 0
3532346789604306 0
3532346885827123 0
3532592022444576 0
3533794960801309 0
3533796081398006 1
3535417732775353 0
3535443205803747 0
3537783412546909 0
3538032865068550 0
3539582136032517 0
3542122865066218 0
3543916475030592 0
3544268264056795 0
3549364918002421 0
3549696167557624 1
3550827044540327 0
3554450658560202 0
3555177703333002 0
3555177980518814 0
3557143678916521 0
3558790240650787 0
3558797106575895 0
3561338208758770 0
3561338599266458 0
3562787412287907 0
3562788012496912 0
3562788121471307 0
3564237047809215 0
3564599817357079 0
3564962301422888 0
3565323066309899 0
3566047686974981 0
3566049632681885 0
3566049809062087 0
3570390821048068 0
3571837559080589 0
3572934931027576 0
3573296614607302 0
3574381252628542 0
3577646027991009 0
3579440602398214 1
3579816873537336 0
3579820426640084 0
3581630880998635 0
3583806319474469 0
3584311347250126 0
3585255220926518 0
3585980587979782 0
3586704714104990 0
3587429853952237 0
3590847268112772 0
3591779159185268 0
3592866397513102 0
3593383098486552 0
3594925134540355 1
3596127519169064 0
3596852550784401 0
3597547379608131 0
3599257195888679 0
3600109428774504 0
3600475796754463 0
3600826004453829 0
3602416178378380 0
3603012620351767 0
3605186507770638 0
3605544222572136 0
3609897771990792 0
3609897889183181 0
3611341355232142 0
3612775555079225 0
3613146499346398 1
3613517116461807 0
3614971407561380 0
3615667368899920 0
3616058735120675 0
3617117661843783 0
3617138864185835 0
3617335363866285 0
3618044108249494 0
3618955484806258 0
3618957280025178 0
3620043864481254 0
3620044515066642 0
3620770247319228 0
3621131728410085 0
3621856731174222 0
3622479249177168 0
3622725757288236 0
3625421893586936 0
3626047238603102 0
3626929515089045 1
3627214547683809 0
3627243777601596 0
3628378094021716 0
3628739004989294 0
3630054153657481 0
3630376125241727 0
3633091145024434 0
3633091350588161 0
3633929754208460 0
3634064315604696 0
3635627893359610 0
3638163824071052 0
3639194192408193 0
3641063451862718 0
3641425834902853 0
3641787962778801 0
3643599608167216 0
3643600728587522 0
3645317846806100 0
3646861967361026 0
3647224606716187 0
3647566757936009 0
3647932404093662 0
3648490913471131 0
3649036508290053 0
3649947590743150 0
3650475917913991 1
3650847176832024 0
3650847810504828 0
3651541921514221 0
3651557289355820 0
3651935573504942 0
3652288608577660 0
3652290618003288 0
3652600546783478 0
3653014910886649 0
3653015724387919 0
3653016244814594 0
3654109360102680 0
3654241056553871 0
3654811868025904 0
3655373548121897 0
3659540899367035 0
3659804528369695 0
3660623290187048 0
3660991885453853 0
3661720016591503 0
3664618097051795 0
3664981159304255 0
3665650188943333 1
3665654191190871 0
3666066452659216 0
3666780188565758 0
3667155633906132 0
3667475285315591 1
3667476892498671 0
3668578479790102 0
3670047614500873 0
3670758427843473 0
3671427251474095 1
3671462768386073 0
3672930778793583 0
3674403428496252 0
3675071002028008 0
3676113144205719 0
3676571074212221 0
3676820240835145 0
3677301704980825 0
3679107567552669 0
3679823413017243 0
3680560520118168 0
3681650875927989 0
3682186840210272 0
3682279044660439 0
3682714610176692 0
3683825689301521 0
3685971771544423 0
3686350622250825 0
3687752183502808 0
3689580013940285 0
3689966221862824 0
3692884458714770 0
3693247878297640 0
3694204825800094 0
3694256034122979 0
3833679488694180 0
3833679601951025 0
3833680848014537 0
3833683293048565 0
3833685462184476 0
3833688397516282 0
3833690621126676 0
3833692307301730 0
3833693023516585 0
3833695947811832 0
3833696320258210 0
3833699889630785 0
3833700305084666 0
3833701374524610 0
3833701487961738 0
3833703510236010 0
3833703710659368 0
3833706152082417 0
3833706248557710 0
3833707313554886 0
3833707338722319 0
3833708971216979 0
3833709675105254 0
3833710266692822 0
3833710589673848 0
3833711134552959 0
3833711524647871 0
3833713668823918 0
3833717329786875 0
3833718597102685 0
3833718605506366 0
3833719666576579 0
3833722241337540 0
3833723147246360 0
3833723981700860 0
3833726066924539 0
3833726146088194 0
3833727228281475 0
3833733520356639 0
3833734438530704 0
3833735008649797 0
3833738263366742 0
3833738297352193 0
3833738527624445 0
3833738763031692 0
3833738909944113 0
3833743888332341 0
3833744697575395 0
3833745285107834 0
3834046154874571 0
3834047337784417 0
3834048730168857 0
3834050785768372 0
3834052077719635 0
3834053406563385 0
3834055235632755 0
3834056263325522 0
3834058335221932 0
3834059031105369 0
3834059874228416 0
3834061853829180 0
3834064639573519 0
3834065847644586 0
3834065885204804 0
3834065889631029 0
3834067029700331 0
3834068686566621 0
3834070179969588 0
3834071521967630 0
3834071610053302 0
3834073434922787 0
3834075334862639 0
3834076005681910 0
3834076463493168 0
3834076907508891 0
3834078090368078 0
3834082523738620 0
3834082573712969 0
3834082842524860 0
3834084155062567 0
3834086718022328 0
3834088534543712 0
3834089502857690 0
3834089641684367 0
3834091336208353 0
3834093604864970 0
3834096234590079 0
3834098755523520 0
3834099108439951 0
3834099464456175 0
3834100806402441 0
3834103634185364 0
3834103717469608 0
3834103755551953 0
3834413324425729 0
3834413370567929 0
3834415450552660 0
3834419276513058 0
3834420723071545 0
3834422380166544 0
3834422882749708 0
3834423847817456 0
3834424556706239 0
3834428281446391 0
3834429829470373 0
3834430449283990 0
3834430672453814 0
3906982031327232 0
3907194892717485 0
3907203569826732 0
3907224793814170 0
3907508567659275 0
3907531728466948 0
3907537466108880 0
3907538766250347 0
3907540024356031 0
3907540024357585 0
3907540024809662 0
3907540276774628 0
3907547033891682 0
3907550132596436 0
3907550212336870 0
3907553538489864 0
3907555955198046 0
3907557770495553 0
3907565466969088 0
3907570026725605 0
3907570299130663 0
3907577815710666 0
3907580407356244 0
3907582026137993 0
3907582311708949 0
3907589261614171 0
3907592894108335 0
3907594642686473 0
3907595448135521 0
3907598031913682 0
3907604092296009 0
3907608131558678 0
3907611499577582 0
3907613760663013 0
3907615777739709 0
3907623063528022 0
3907623197639623 0
3907623319928759 0
3907623575182414 0
3907628142779391 0
3907631376867859 0
3907634899514864 0
3907641442696810 0
3907647017012293 0
3907649496593591 0
3907653018963554 0
3907653488846171 0
3907653736421081 0
3907656039178064 0
3907671193363035 0
3907671725842510 0
3907672002352486 0
3907674279984844 0
3907679006774167 0
3907680089743498 0
3907685604630823 0
3907687245242179 0
3907688511372828 0
3907688532097743 0
3907691015522504 0
3907694844559315 0
3907695205291239 0
3907699051890985 0
3907699228179809 0
3907699810759854 0
3907703723892433 0
3907706370567637 0
3907708736274063 0
3907713673703434 0
3907717284696913 0
3907721218947505 0
3907721235985362 0
3907722464154884 0
3907722564646739 0
3907728609619928 0
3907728789405790 0
3907730051761362 0
3907737496925917 0
3907740113876460 0
3907742282069764 0
3907742840324598 0
3907743993461175 0
3907746418087188 0
3907746807932370 0
3907747743450097 0
3907750159077892 0
3907751157249535 0
3907751341977221 0
3907755192555153 0
3907758967284946 0
3907760591057806 0
3907762239077870 0
3907764923473435 0
3907765296170120 0
3907766571977196 0
3907767775383794 0
3907768819451810 0
3907768890833467 0
3907769314679625 0
3907774066711408 0
3907774184027853 0
3907774192606614 0
3907774641622329 0
3907782526562940 0
3907785111049708 0
3907785916325731 0
3907789195892186 0
3907791355391603 0
3907796133404325 0
3907802441146693 0
3907806828899710 0
3907888067892917 0
3907896619883075 0
3907897392438395 0
3907897852964990 0
3907902412202207 0
3907902412202970 0
3907902466794715 0
3907906255129247 0
3907907948891931 0
3907909890768546 0
3907910016451969 0
3907913800547803 0
3907917306939821 0
3907917482478864 0
3907921282408061 0
3907921651761528 0
3907932616310839 0
3907934935034825 0
3907937585762622 0
3907943214755343 0
3907945848711531 0
3907946113284024 0
3907952283331336 0
3907952744129933 0
3907953041855871 0
3907953515992610 0
3907955281585302 0
3907961225101568 0
3907961606476629 0
3907962810350115 0
3907967361121363 0
3907971660357128 0
3907977909816349 0
3907989297245847 0
3908001280656335 0
3908002862578993 0
3908003948627771 0
3908011628604361 0
3908018447999195 0
3908021320925937 0
3908024614201752 0
3908027142397376 0
3908029043232414 0
3908030758897110 0
3908030774928775 0
3908039129894971 0
3908039566305772 0
3908040866329285 0
3908040946269177 0
3908042153958170 0
3908048626638735 0
3908050399835604 0
3908050894849354 0
3908051012383200 0
3908051088071035 0
3908056192462419 0
3908060243821533 0
3908060999159074 0
3908061078615042 0
3908062907536695 0
3908072726140703 0
3908072789110983 0
3908081119222350 0
3908081341248071 0
3908081874081881 0
3908084814413047 0
3908086123292512 0
3908087397943079 0
3908089419470722 0
3908091424669275 0
3908094138150738 0
3908097447463577 0
3908098953346160 0
3908098957544079 0
3908099200789227 0
3908099766874643 0
3908101344007422 0
3908106251433279 0
3908106260316013 0
3908110034868119 0
3908111599318022 0
3908113054414712 0
3908113805172110 0
3908113817770050 0
3908118805284794 0
3908120331582121 0
3908128905267093 0
3908128908796858 0
3908132142596491 0
3908134164643998 0
3908136500585186 0
3908139420025021 0
3908141160849288 0
3908144004351463 0
3908249700568709 0
3908253203172210 0
3908254742794242 0
3908254805435516 0
3908263542406744 0
3908264951249902 0
3908268072232551 0
3908269078419688 0
3908269347083750 0
3908269586698233 0
3908269858475892 0
3908272425828546 0
3908278138535984 0
3908279900019613 0
3908280030209700 0
3908280281818604 0
3908281934744285 0
3908292604312971 0
3908293502463239 0
3908298040255808 0
3908299185804500 0
3908300086737753 0
3908305132682766 0
3908310350540776 0
3908316243630681 0
3908317959353938 0
3908317988191874 0
3908319871550174 0
3908322366997363 0
3908323436659393 0
3908325869875159 0
3908326259590384 0
3908333792469229 0
3908334291494175 0
3908335327865155 0
3908337785696015 0
3908338607253611 0
3908339039440845 0
3908340474478952 0
3908344123488069 0
3908347894189257 0
3908351832661025 0
3908353006410192 0
3908354138950892 0
3908355397127364 0
3908355397487017 0
3908355548584903 0
3908356529489031 0
3908366038306976 0
3908371759361770 0
3908372732455478 0
3908374321781246 0
3908378046285512 0
3908380814594166 0
3908381703698176 0
3908383054840328 0
3908387768675683 0
3908388112599519 0
3908395616354231 0
3908401832539292 0
3908404218902202 0
3908404592205388 0
3908405729329683 0
3908408509502105 0
3908408593920734 0
3908412293266607 0
3908412343490462 0
3908415799309204 0
3908416143296089 0
3908420845008017 0
3908421134767409 0
3908423369932344 0
3908424620376483 0
3908428386946194 0
3908430169017660 0
3908432354652649 0
3908434413720365 0
3908436934363177 0
3908438461787844 0
3908446347097770 0
3908449815394494 0
3908453552817533 0
3908454429656628 0
3908456065392538 0
3908457117672776 0
3908459248094473 0
3908461115087448 0
3908461383850166 0
3908461848454709 0
3908462377925392 0
3908462705102897 0
3908463145139734 0
3908463610306944 0
3908469410814100 0
3908469419209714 0
3908471185956650 0
3908475694788423 0
3908476697237632 0
3908476944110054 0
3908478911875695 0
3908480404125295 0
3908481394157050 0
3908482870809747 0
3908483667742847 0
3908483781114283 0
3908486418851447 0
3908488222513102 0
3908491292840863 0
3908494564297118 0
3908495138656162 0
3908497902721124 0
3908498616125052 0
3908499598167408 0
3908502127326258 0
3908506392906975 0
3908507147396098 0
3908511328776502 0
3908526533913551 0
3908529045700661 0
3908979572657970 0
3908984555495636 0
3908990088389334 0
3908994668059980 0
3908997138855945 0
3908997159589548 0
3908999684872232 0
3908999831051027 0
3909006936760923 0
3909007201225021 0
3909011709547389 0
3909014431406121 0
3909015547649307 0
3909017346796390 0
3909020202624381 0
3909025584389953 0
3909026427376418 0
3909026523657111 0
3909038125812587 0
3909038196904952 0
3909041267403543 0
3909047205740135 0
3909049961588933 0
3909052490387957 0
3909052499516071 0
3909055560618535 0
3909063035561360 0
3909063647815041 0
3909065074011488 0
3909070136149174 0
3909080173221721 0
3909080579633565 0
3909081075061253 0
3909082626594218 0
3909084371985775 0
3909085361138804 0
3909095637417645 0
3909103313731301 0
3909106341762751 0
3909107402936056 0
3909110371848688 0
3909110384444633 0
3909111819467267 0
3909125484148394 0
3909140814460162 0
3909142437372013 0
3909146518716717 0
3909148138203601 0
3909148883989173 0
3909155720971721 0
3909168257721795 0
3909170078496180 0
3909178366223186 0
3909182740250233 0
3909185869479108 0
3909189568629793 0
3909189702979876 0
3909190147489524 0
3909197194085603 0
3909198050136987 0
3909198452157045 0
3909202160562495 0
3909203494678531 0
3909204530102875 0
3909204790455169 0
3909205159800467 0
3909207164200339 0
3909208518687499 0
3909208548754798 0
3909208624093761 0
3909213552519851 0
3909216068642643 0
3909216492756133 0
3909217351920720 0
3909218585679775 0
3909223551822426 0
3909224272603584 0
3909231033736573 0
3909234964507247 0
3909699252452843 0
3909708618442913 0
3909713169323084 0
3909714096640932 0
3909714402712833 0
3909717648307271 0
3909717778601599 0
3909721603968906 0
3909726146113427 0
3909729199955269 0
3909729702769305 0
3909730034100384 0
3909732299301362 0
3909734010979287 0
3909735742448643 0
3909736988446238 0
3909739769052360 0
3909744546303932 0
3909750615577169 0
3909753128435579 0
3909759650197600 0
3909764687413239 0
3909770333691623 0
3909774569961241 0
3909774750044433 0
3909774842571403 0
3909775655939637 0
3909777518218200 0
3909777945620186 0
3909780026055836 0
3909782308648998 0
3909787378912154 0
3909790662762722 0
3909790675356650 0
3909790905979609 0
3909792726326139 0
3909794949614282 0
3909795637519612 0
3909797411977585 0
3909797415541555 0
3909799626596749 0
3909799743414773 0
3909801790228896 0
3909805230216491 0
3909812502447585 0
3909820296205302 0
3909822313010295 0
3909823571287106 0
3909825895233534 0
3909830366459201 0
3909835047114840 0
3909835198769784 0
3909841636780257 0
3909842714076823 0
3909843087976010 0
3909844077215671 0
3909844941390089 0
3909848485820325 0
3909852746832450 0
3909854295239241 0
3909857327002530 0
3909857809710194 0
3909857881572096 0
3909860565341313 0
3909862830882566 0
3909863777877161 0
3909864088209357 0
3909864537523984 0
3909865346825390 0
3909865598489443 0
3909867863291932 0
3909868647669482 0
3909868744701447 0
3909870380587588 0
3909871994572164 0
3909874218191778 0
3909877653359066 0
3909879100345568 0
3909880446362189 0
3909880723688532 0
3909881029559271 0
3909881847002137 0
3909883932049297 0
3909887987798576 0
3909888327752252 0
3909895532902978 0
3909895545494702 0
3909900579076995 0
3909903204419195 0
3909908087206585 0
3909908175364654 0
3909910662251540 0
3909910884583369 0
3909910896927653 0
3909913170060367 0
3909915736821805 0
3909916433367433 0
3909916442346539 0
3909918744551479 0
3909918937289364 0
3909922477270860 0
3909924491238471 0
3909928370107111 0
3909932531359596 0
3909933143273116 0
3909937228758083 0
3909939586359810 0
3909940843913103 0
3909940878248378 0
3909941095596882 0
3909942052284977 0
3909942236762798 0
3909943612556989 0
3909945856987960 0
3909947920027002 0
3909948393903231 0
3909952911343880 0
3909953666619191 0
3909955944427717 0
3909956195606702 0
3909971102129220 0
3909978840125858 0
3909981118438430 0
3910304238716058 0
3910421008046187 0
3910424041257196 0
3910441652665078 0
3910451819682868 0
3910453556023050 0
3910465086571838 0
3910465295553392 0
3910466809821082 0
3910484425779514 0
3910486430690039 0
3910494551004498 0
3910506248756545 0
3910511579851244 0
3910514876429362 0
3910516650852132 0
3910518026381248 0
3910524796327109 0
3910529871425709 0
3910531486725508 0
3910534615480494 0
3910536557540227 0
3910537794642077 0
3910552407639880 0
3910552482961981 0
3910559923510229 0
3910560418271771 0
3910562717034747 0
3910570241321854 0
3910575023327728 0
3910576290087842 0
3910576361039608 0
3910578118126522 0
3910580157407626 0
3910584586160231 0
3910586360688522 0
3910587413670521 0
3910588863894459 0
3910596040708923 0
3910600247532549 0
3910600440293487 0
3910607822461777 0
3910608413988520 0
3910621848394596 0
3910627888275590 0
3910636314353753 0
3910642970827398 0
3910646439375569 0
3910650566582893 0
3910654777575299 0
3910659328491792 0
3910659785476680 0
3910664152360723 0
3910665619845049 0
3910665619910824 0
3910672729175567 0
3910673749019717 0
3910680157865795 0
3910687359344004 0
3910880943042012 0
3910884243551725 0
3910884549723440 0
3910886143583496 0
3910886576495534 0
3910891097441449 0
3910892125002183 0
3910895841221729 0
3910896751213030 0
3910897619553807 0
3910900324767378 0
3910901582853938 0
3910903437150670 0
3910904557063718 0
3910905915934383 0
3910908289598900 0
3910908390482322 0
3910908742787831 0
3910910819305524 0
3910910986741156 0
3910911435444067 0
3910914769984188 0
3910914879311368 0
3910918125246735 0
3910919157368349 0
3910920906150243 0
3910921006618067 0
3910922311507143 0
3910926790787908 0
3910927772435331 0
3910931047995213 0
3910936102182890 0
3910937398317542 0
3910938920749462 0
3910939105128505 0
3910941173183294 0
3911033276531097 0
3911165916902847 0
3911173408152182 0
3911175248742633 0
3911176159172486 0
3911177321266241 0
3911180017645937 0
3911180818758348 0
3911181422582506 0
3911185944153542 0
3911186875575556 0
3911186908956664 0
3911188850873165 0
3911189433765615 0
3911191509968031 0
3911192051281402 0
3911192512703574 0
3911194089597191 0
3911194471054346 0
3911196522092850 0
3911197684025876 0
3911199529709919 0
3911201639224592 0
3911201718984723 0
3911201756908274 0
3911202604254542 0
3911202792746534 0
3911204206708328 0
3911204638223309 0
3911209289717027 0
3911209453157696 0
3911209454097525 0
3911209545914954 0
3911210644650787 0
3911214507356818 0
3911215199678163 0
3911216752024215 0
3911216777010570 0
3911218051836407 0
3911218106034748 0
3911221994204571 0
3911222460228348 0
3911224292698235 0
3911224376663144 0
3911224553069203 0
3911224892416515 0
3911225610296519 0
3911225991263829 0
3911226192728751 0
3911228390544803 0
3911229229476449 0
3911231838565594 0
3911231863359056 0
3911232383604331 0
3911234250227574 0
3911235844008750 0
3911239283516774 0
3911239392456294 0
3911241896088688 0
3911241917296960 0
3911244266162965 0
3911244761235927 0
3911246166755503 0
3911246959025568 0
3911247550387245 0
3911249391378305 0
3911251576728998 0
3911254588255498 0
3911254596699190 0
3911255582312023 0
3911258665269454 0
3911258862284667 0
3911258988203932 0
3911259449951463 0
3911262041348669 0
3911262553317443 0
3911263078313366 0
3911266172846281 0
3911266751954837 0
3911268211538236 0
3911273060231055 0
3911273374755409 0
3911274242793202 0
3911282467832799 0
3911283063700609 0
3911284951466834 0
3911289300367214 0
3911293176451011 0
3911297899052680 0
3911298078971633 0
3911303305096585 0
3911303674830013 0
3911305851069784 0
3911310875862785 0
3911311454806026 0
3911311555759120 0
3911312172020466 0
3911315905134804 0
3911327594559028 0
3911328198941824 0
3911330073616748 0
3911330572378970 0
3911345646631001 0
3911348876126048 0
3911352080649401 0
3911352148231929 0
3911355297818668 0
3911357004950742 0
3911357235559177 0
3911360435486623 0
3911360448444981 0
3911363984553367 0
3911374197339617 0
3911378500959109 0
3911385152602752 0
3911388223408879 0
3911389037233730 0
3911390928184491 0
3911394192120326 0
3911395463123478 0
3911396515226493 0
3911397945222079 0
3911401729170364 0
3911420846502425 0
3911510931328670 0
3911518766982222 0
3911521266760471 0
3911523397204866 0
3911523774404065 0
3911524122402086 0
3911526076914513 0
3911526282514315 0
3911526290906659 0
3911526291081357 0
3911528233784300 0
3911528824756017 0
3911529256621654 0
3911529298581977 0
3911529810253457 0
3911532137863139 0
3911534092349696 0
3911534465563415 0
3911536584120389 0
3911536692970789 0
3911538412778681 0
3911539150864866 0
3911539469801102 0
3911541378235195 0
3911541390377243 0
3911541893806362 0
3911542460109677 0
3911542699091489 0
3911544410570412 0
3911545597411868 0
3911547674410351 0
3911548143248058 0
3911548663425648 0
3911549112347207 0
3911549158168040 0
3911550844354403 0
3911551134089136 0
3911552211828143 0
3911554048838228 0
3911554049059079 0
3911555520967095 0
3911556481868537 0
3911556486635901 0
3911556490266405 0
3911557513423193 0
3911557521818345 0
3911559107359353 0
3911561645625975 0
3911564161889662 0
3911564257715143 0
3911564694351713 0
3911568771228740 0
3911570138487704 0
3911571577123038 0
3911571606510099 0
3911573896476995 0
3911577159561058 0
3911581677264642 0
3911582465320677 0
3911582482110662 0
3911582914896347 0
3911586433709648 0
3911586676671004 0
3911587671285975 0
3911589268754896 0
3911589838942874 0
3911590640577644 0
3911591722641251 0
3911592477026745 0
3911592481567862 0
3911594256309586 0
3911594344210302 0
3911594419356644 0
3911595400408939 0
3911595459895392 0
3911598336670443 0
3911601784234729 0
3911602531352538 0
3911603093217846 0
3911603999732174 0
3911604305867794 0
3911604347157429 0
3911606918675206 0
3911607534953750 0
3911607576926672 0
3911608512142528 0
3911609343229243 0
3911610009235293 0
3911612740123984 0
3911613616327368 0
3911614371583791 0
3911616066160662 0
3911616783348076 0
3911616875258376 0
3911616905104264 0
3911617135668643 0
3911617139865476 0
3911617840302319 0
3911619496958388 0
3911623884202532 0
3911624588597252 0
3911625650101854 0
3911627206613718 0
3911629462430029 0
3911630729142334 0
3911631992103631 0
3911632331412614 0
3911632994058864 0
3911633284223848 0
3911635343295679 0
3911635452615127 0
3911635536556073 0
3911637297378271 0
3911639524874884 0
3911643370674822 0
3911643618304355 0
3911644570266337 0
3911645510023024 0
3911647074458524 0
3911647087049326 0
3911647087746267 0
3911649603393054 0
3911650295818152 0
3911651184667527 0
3911654733447091 0
3911654749855887 0
3911659771065069 0
3911662279028400 0
3911664086988614 0
3911673553336386 0
3911675562364261 0
3911682374411023 0
3911684957324606 0
3911688812086927 0
3911692386004358 0
3911692888965327 0
3911693182521474 0
3911694902222695 0
3911697477293768 0
3911697934930630 0
3911698677075581 0
3911699684260756 0
3911700048563578 0
3911703761085087 0
3911707484939130 0
3911707514334936 0
3911708072142750 0
3911712522642187 0
3911714011210796 0
3911715148001156 0
3911716956112734 0
3911718809847756 0
3911720814465794 0
3911720890071487 0
3911722584676126 0
3911722676802963 0
3911723117351575 0
3911723440632213 0
3911724279135860 0
3911724497530251 0
3911725210354394 0
3911731925788818 0
3911732739033269 0
3911733062474272 0
3911737298388307 0
3911737683786524 0
3911737693009450 0
3911738946486712 0
3911739319753151 0
3911742717105997 0
3911745233766197 0
3911745246966630 0
3911745300647318 0
3911748254066476 0
3911750267034914 0
3911752532497714 0
3911752783672596 0
3911752834182756 0
3911753593236079 0
3911754705095405 0
3911754842793966 0
3911756194168013 0
3911756390798917 0
3911762514019647 0
3911767882914875 0
3911776216949952 0
3911783233890520 0
3911798334088688 0
3911801882009382 0
3911842122946442 0
3911873579462837 0
3911875106395549 0
3911881124988764 0
3911888670402348 0
3911888930595914 0
3911892198512294 0
3911892692991357 0
3911896228448019 0
3911901383921173 0
3911902709168817 0
3911903527435208 0
3911903774301077 0
3911903778328356 0
3911903778977275 0
3911903778977780 0
3911903778979713 0
3911903841990976 0
3911904030111048 0
3911904814567164 0
3911908056830335 0
3911910070304468 0
3911910304887826 0
3911910518936898 0
3911911441540679 0
3911911597011200 0
3911913853345505 0
3911916014001627 0
3911916613437351 0
3911917397374121 0
3911917867185294 0
3911918865361801 0
3911919838691240 0
3911920471958570 0
3911920891552859 0
3911921138929315 0
3911922308909714 0
3911923512610736 0
3911926201195748 0
3911926432602330 0
3911926532340747 0
3911926671063846 0
3911929242181525 0
3911930202309257 0
3911931461191972 0
3911931775952184 0
3911932350059434 0
3911933725993561 0
3911933969029185 0
3911933977732918 0
3911934229372688 0
3911934732633276 0
3911935990587118 0
3911937768923407 0
3911939585056391 0
3911940449186683 0
3911941145413779 0
3911943272323228 0
3911946753425198 0
3911946795619982 0
3911948322532175 0
3911949076857549 0
3911949076931880 0
3911949131438164 0
3911949580396959 0
3911950000362330 0
3911950112822479 0
3911953741019971 0
3911955373137470 0
3911955481382540 0
3911956400758382 0
3911958783167017 0
3911959143048316 0
3911959151738937 0
3911960057540897 0
3911962918034448 0
3911964176194578 0
3911964176542993 0
3911964176727209 0
3911965183638814 0
3911965434762646 0
3911966735360284 0
3911967699996436 0
3911967951031384 0
3911968056683495 0
3911968315966240 0
3911969280851366 0
3911971726051113 0
3911972032210610 0
3911972984460866 0
3911973298992642 0
3911977514044357 0
3911979271739890 0
3911979275786458 0
3911979275936863 0
3911981435989031 0
3911983054826183 0
3911986544430220 0
3911986934901343 0
3911989498088531 0
3911989530880437 0
3911991649066363 0
3911993133905088 0
3911995747172194 0
3911996485455495 0
3911997005259230 0
3911998083370823 0
3912001924992774 0
3912001958793756 0
3912002701587764 0
3912003082833585 0
3912008229848552 0
3912009218997055 0
3912009475403378 0
3912009479601800 0
3912009505024759 0
3912010481570268 0
3912011026938721 0
3912011039190816 0
3912011794114566 0
3912016127243859 0
3912017024527181 0
3912019000185737 0
3912019549883936 0
3912019793610390 0
3912024566091491 0
3912024620676243 0
3912026449323002 0
3912026696948012 0
3912027158629413 0
3912028354136816 0
3912030362314631 0
3912038885292638 0
3912039670038712 0
3912040210503534 0
3912043193071834 0
3912044716138469 0
3912046976318672 0
3912051045156180 0
3912053221355983 0
3912054522411129 0
3912054773485313 0
3912055024999422 0
3912057407443040 0
3912057776532736 0
3912064840239520 0
3912065942833945 0
3912067624581868 0
3912072112569585 0
3912072502656876 0
3912075698616873 0
3912077448199590 0
3912078199095160 0
3912080945752873 0
3912083210656725 0
3912083747645696 0
3912084972694337 0
3912092522320448 0
3912096158823598 0
3912097115663907 0
3912098189003145 0
3912099086033758 0
3912100827019931 0
3912100872859047 0
3912101469242380 0
3912102655626792 0
3912104429621268 0
3912105105056296 0
3912107630395265 0
3912110168082672 0
3912111397202316 0
3912113363525954 0
3912114240983438 0
3912115171801095 0
3912115921917906 0
3912116681460638 0
3912118691032228 0
3912120204429529 0
3912120246769854 0
3912120913162830 0
3912120960000007 0
3912121593467293 0
3912122721066568 0
3912125246624884 0
3912126106199714 0
3912126810655436 0
3912127565307478 0
3912130270664370 0
3912130270960109 0
3912130354629165 0
3912130523147438 0
3912130770571858 0
3912142782383262 0
3912144623968311 0
3912145433225970 0
3912145639393798 0
3912147014307737 0
3912155558068366 0
3912236004829011 0
3912243625985938 0
3912253696822072 0
3912254044853349 0
3912254711562685 0
3912259221015700 0
3912262051432829 0
3912269563762149 0
3912272294507972 0
3912274626160433 0
3912278644353383 0
3912280993286136 0
3912285293001799 0
3912290195238136 0
3912290350928853 0
3912297066216170 0
3912303113679263 0
3912304032640978 0
3912309061614093 0
3912311506761655 0
3912312723077595 0
3912312794504188 0
3912315797607902 0
3912318955561694 0
3912319559543323 0
3912320444704890 0
3912321703188582 0
3912322675976706 0
3912325309974979 0
3912326569143805 0
3912333111673846 0
3912334118731486 0
3912338589317284 0
3912341710604013 0
3912342033185867 0
3912349272611471 0
3912364582109071 0
3912368843305708 0
3912372870119616 0
3912373130099919 0
3912375394190067 0
3912386710343932 0
3912386962372289 0
3912388375508398 0
3912388484895313 0
3912388824325156 0
3912392910409146 0
3912402603271607 0
3912409712644378 0
3912414557305085 0
3912421200574630 0
3912425311280108 0
3912426724197437 0
3912432260593489 0
3912432261269986 0
3912439810947397 0
3912444956956650 0
3912446635278998 0
3912449033613747 0
3912453596969349 0
3912455807809732 0
3912457275664648 0
3912465618135666 0
3912470026678546 0
3912470059628015 0
3912471200872447 0
3912472597492430 0
3912480189065767 0
3912481208164441 0
3912482676739462 0
3912483868232736 0
3912486703386370 0
3912488443950674 0
3912489689265860 0
3912492658547302 0
3912492860048548 0
3912523109318737 0
3914082308444251 0
3914083692692107 0
3914084145179010 0
3914107511640336 0
3914115023797414 0
3914122997197872 0
3914124251501287 0
3914129607518432 0
3914130941495346 0
3914132464064609 0
3914139254219399 0
3914141004083236 0
3914150419810983 0
3914157789567520 0
3914179678893565 0
3914186130002384 0
3914190714411797 0
3914197718744878 0
3914198566167066 0
3914201782880304 0
3914224361233319 0
3914312353407934 0
3914319697753765 0
3914349909255190 0
3914408365363135 0
3914417831761228 0
3914417844348877 0
3914424035038005 0
3914425381554655 0
3914426157431816 0
3914432130023000 0
3914432943834162 0
3914433073708742 0
3914437787926896 0
3914439272978863 0
3914440489196848 0
3914440497991600 0
3914447313184247 0
3914448043441416 0
3914451004393667 0
3914452334540597 0
3914454024312458 0
3914454540048890 0
3914455580173299 0
3914456541043605 0
3914461464851920 0
3914464661355231 0
3914465986409627 0
3914468486353367 0
3914470327497052 0
3914475059005569 0
3914475574645209 0
3914479978870372 0
3914480125459044 0
3914485783721612 0
3914487339729332 0
3914490971745534 0
3914490997280330 0
3914492762739733 0
3914493430096782 0
3914494595719037 0
3914496441301017 0
3914497280008916 0
3914500329195428 0
3914502757713218 0
3914505219750495 0
3914508747613081 0
3914511633066985 0
3914513407381334 0
3914514074078597 0
3914515978494941 0
3914517857998295 0
3914518574653150 0
3914519346165156 0
3914522915771439 0
3914523113524502 0
3914524874611564 0
3914528939180058 0
3914529463288580 0
3914529849151567 0
3914531090940590 0
3914535301678350 0
3914535494504721 0
3914538635795904 0
3914539139542866 0
3914541735649987 0
3914543543100202 0
3914544650639918 0
3914546181583186 0
3914546189954126 0
3914550585665361 0
3914551038680788 0
3914551793619336 0
3914889170533419 0
3914889489625107 0
3914892056276478 0
3914892753289072 0
3914893478373510 0
3914895118480511 0
3914901023683046 0
3914901938416248 0
3914903520061513 0
3914907416323449 0
3914908238190725 0
3914908565313617 0
3914908754234194 0
3914913804529569 0
3914916115238846 0
3914917202027099 0
3914920116213248 0
3914923430105319 0
3914925761838839 0
3914928295293991 0
3914928731405241 0
3914931995027561 0
3914933500531779 0
3914934326947009 0
3914934708539689 0
3914938097256261 0
3914938479064324 0
3914938772507300 0
3914940244830101 0
3914941700199302 0
3914942375560013 0
3914946322230066 0
3914946657959150 0
3914946699761129 0
3914946708564833 0
3914951724449159 0
3914952496287765 0
3914952974626979 0
3914953876260575 0
3914956996755662 0
3914958381116664 0
3914960717300942 0
3914961044323177 0
3914961417767122 0
3914965955700101 0
3914967453289371 0
3914968975997800 0
3914969005396919 0
3914972935203142 0
3914974282233951 0
3914976513188430 0
3914976525782106 0
3914976596906769 0
3914979276803914 0
3914981567819552 0
3914984071211914 0
3914985996128124 0
3914986075901138 0
3914986595984748 0
3915204855319938 0
3915205639472276 0
3915206381782933 0
3915206985705643 0
3915215600926430 0
3915220210279868 0
3915226032152363 0
3915226925452991 0
3915231023390175 0
3915232202168231 0
3915236274647941 0
3915238778711508 0
3915242129839401 0
3915247716508107 0
3915248098208260 0
3915253467483694 0
3915253928682086 0
3915258244913647 0
3915259393782169 0
3915259615971029 0
3915264850500949 0
3915265685218758 0
3915269913649305 0
3915271443869478 0
3915272525999534 0
3915277613846278 0
3915280910504734 0
3915282873501943 0
3915286690577759 0
3915287721831527 0
3915292625272558 0
3915292902028428 0
3915296781463574 0
3915297645721873 0
3915301919412701 0
3915303697787017 0
3915305652811595 0
3915308290658253 0
3915311457659708 0
3915311802053536 0
3915316499123075 0
3915318252190396 0
3915323390847850 0
3915323801132688 0
3915324619363386 0
3915326737558934 0
3915329963001824 0
3915330789258849 0
3915337021732988 0
3915338913769113 0
3915340738683819 0
3917769927606741 0
3917778349794684 0
3917785023371500 0
3917796804822591 0
3917802756621282 0
3917807927996109 0
3917810986061517 0
3917813678399074 0
3917822868990915 0
3917837951500107 0
3917846436132346 0
3917848134960585 0
3917861837816736 0
3917861892130178 0
3918129602050278 0
3918133821210651 0
3918134266101221 0
3918139869563837 0
3918139945635877 0
3918142529008993 0
3918144744169775 0
3918147100700581 0
3918149604432694 0
3918150204550001 0
3918150989135941 0
3918152213254937 0
3918152607922613 0
3918152922072311 0
3918154671193480 0
3918157686922528 0
3918159562031571 0
3918161772381338 0
3918162506188016 0
3918162631861421 0
3918167333931255 0
3918167556156250 0
3918168663413423 0
3918170064187905 0
3918170143956018 0
3918172954046187 0
3918174581687437 0
3918176078877080 0
3918178033592023 0
3918181993064875 0
3918182701706701 0
3918185914461107 0
3918187604984663 0
3918187756359775 0
3918187899385191 0
3918191925364701 0
3918192709408009 0
3918194252760592 0
3918196068854430 0
3918200125216965 0
3918200158798922 0
3918200318313510 0
3918203467887255 0
3918204403174869 0
3918207809009136 0
3918210543891742 0
3918213337126172 0
3918215358827905 0
3918215366848522 0
3918215723807767 0
3918217653199558 0
3918220333187042 0
3918222925103833 0
3918225345554362 0
3918227526567556 0
3918230357498665 0
3918230453779877 0
3918230466599347 0
3918235499669365 0
3918236011287961 0
3918238003708351 0
3918239341584361 0
3918240377832625 0
3918243083700110 0
3918245553445322 0
3918246073565845 0
3918246388165024 0
3918249358259863 0
3918524902375111 0
3918527414848182 0
3918530334142833 0
3918534851213968 0
3918534852027592 0
3918536084298388 0
3918537494204070 0
3918537661881491 0
3918539968593167 0
3918539993779667 0
3918541402832393 0
3918542666168297 0
3918547342280633 0
3918547547691464 0
3918547732080561 0
3918549149923877 0
3918554845686865 0
3918555218906759 0
3918555680119399 0
3918558108590463 0
3918558499050967 0
3918561292411278 0
3918564522131883 0
3918564735937692 0
3918568221426659 0
3918570196626796 0
3918570276680911 0
3918571266288118 0
3918576853111312 0
3918577750960623 0
3918579685022531 0
3918586617553346 0
3918590338131993 0
3918591411794490 0
3918595647661796 0
3918596750736828 0
3918597082126045 0
3918597732347375 0
3918598059677449 0
3918598457882662 0
3918600391761292 0
3918600416952183 0
3918602819862858 0
3918605340888401 0
3918607941495396 0
3918610659289460 0
3918615017308728 0
3918615306787217 0
3918615525000495 0
3918615591615469 0
3918617244241350 0
3918619651879745 0
3918622903056631 0
3918623032394789 0
3918623040792854 0
3918625976974411 0
3918629244332476 0
3918630594557241 0
3918631031270564 0
3918775696618496 0
3918776061740918 0
3918776330149229 0
3918777592586345 0
3918777823411524 0
3918781141200175 0
3918781727953305 0
3918785876329489 0
3918786463631892 0
3918788539523897 0
3918790632442753 0
3918790851029005 0
3918792847535298 0
3918793191277239 0
3918796504841684 0
3918798316397729 0
3918798664937103 0
3918798811575938 0
3918801982651313 0
3918802737465343 0
3918805653020146 0
3918806747231403 0
3918809838634046 0
3918809943738630 0
3918811784509115 0
3918814334581505 0
3918815031209330 0
3918816561708438 0
3918816947905455 0
3918819338375882 0
3918819774726094 0
3918821184723686 0
3918822014820299 0
3918826883810326 0
3918827765027560 0
3918828729687107 0
3918829413104471 0
3918832751786376 0
3918834509133461 0
3918835142446706 0
3918836330101651 0
3918837466216239 0
3918839479416539 0
3918839567737228 0
3918841983406813 0
3918845498239554 0
3918849545788818 0
3918850238145856 0
3918852192997759 0
3918855807822739 0
3918856394958337 0
3918858068473932 0
3918863588192280 0
3918869460327314 0
3918869678318467 0
3918869875782195 0
3918870706295904 0
3918872128346481 0
3918872446554169 0
3918873953253015 0
3918874262788949 0
3918874703221397 0
3918877563642955 0
3918879736666153 0
3918881385602765 0
3918882433483371 0
3918884023662848 0
3918886191275429 0
3918887344957709 0
3918890788416166 0
3918890846916635 0
3918890968635196 0
3918893036837996 0
3918897180569639 0
3918897285462753 0
3918898111537107 0
3918898157708157 0
3918898761866343 0
3918900183736199 0
3918903896401919 0
3918904935745262 0
3918905611028834 0
3918906911542354 0
3918908056772361 0
3918908475725393 0
3918912376612615 0
3918914029030105 0
3918984984266225 0
3918985437102238 0
3918985441737820 0
3918999479742907 0
3919000532509034 0
3919000540671529 0
3919000541555565 0
3919005561171297 0
3919011315996195 0
3919013111287857 0
3919030740003418 0
3919110880797389 0
3919135370909285 0
3919143985782005 0
3919146859872195 0
3919151535732127 0
3919158834602739 0
3919161858289277 0
3919166622603366 0
3919166702420371 0
3919167558238186 0
3919167948040240 0
3919173979645297 0
3919179369410295 0
3919179549635791 0
3919181776733679 0
3919182560764692 0
3919189419343044 0
3919195962481821 0
3919196062505633 0
3919203024793240 0
3919204577133454 0
3919209488319682 0
3919212206140075 0
3919213464587919 0
3919218464045517 0
3919221362480458 0
3919227050195585 0
3919231177222509 0
3919235312535884 0
3919237594596594 0
3919241465684531 0
3919242119905103 0
3919242904338369 0
3919244880206050 0
3919247623089469 0
3919248684821282 0
3919249669642154 0
3919251238676880 0
3919252538593663 0
3919256049159866 0
3919257219616259 0
3919268246204450 0
3919271970863949 0
3921356049557769 0
3921367009018844 0
3921376773297108 0
3921383585164810 0
3921421924832227 0
3921423456225617 0
3921534080538509 0
3921535498271281 0
3921537243299500 0
3921537255895684 0
3921542276460163 0
3921544645988401 0
3921545984113110 0
3921549256229480 0
3921552355237378 0
3921567454976959 0
3921571963610116 0
3921588556494013 0
3921658051743942 0
3921658803339686 0
3921663085062002 0
3921665589097144 0
3921668118521758 0
3921672174515260 0
3921673138540639 0
3921675986412093 0
3921680700925924 0
3921684148852246 0
3921686610700353 0
3921687059492227 0
3921688251455682 0
3921689995888731 0
3921692378236947 0
3921695095800393 0
3921701530180189 0
3921702368808348 0
3921703337645264 0
3921704642569096 0
3921706395172912 0
3921709515963724 0
3921716000330801 0
3921716080081688 0
3921717027823062 0
3921718445552958 0
3921718789797345 0
3921721553498850 0
3921723889865905 0
3921724300837536 0
3921725987022553 0
3921729027899223 0
3921730692815175 0
3921730751921973 0
3921731464641001 0
3921733536877106 0
3921735289885398 0
3921743363844268 0
3921743615425573 0
3921744089488701 0
3921747809897227 0
3921748573067295 0
3921748636205407 0
3921754160868447 0
3921755867134530 0
3921759314846119 0
3921759969148377 0
3921760166165016 0
3921762012613194 0
3921763744277336 0
3921769402187236 0
3921772745156169 0
3921774171230088 0
3921775362117941 0
3921776075444162 0
3921778839947030 0
3921778848272031 0
3921778907151869 0
3921780739598684 0
3921788146818914 0
3921790012802898 0
3921793259190854 0
3921793934460581 0
3921794509376266 0
3921796472436099 0
3921800113017980 0
3921803003520486 0
3921804659281131 0
3921807033706522 0
3921809042333182 0
3921813417216594 0
3921817804596092 0
3921818328763025 0
3921819793063628 0
3921824133519827 0
3921825278712911 0
3921829087712324 0
3921829611454797 0
3921829661820166 0
3921831884735304 0
3921834212523022 0
3921837287107743 0
3921838587166257 0
3921839233086550 0
3922027976699825 0
3922030506431735 0
3922032192240575 0
3922035535227110 0
3922044196181662 0
3922050630260258 0
3922055365754541 0
3922064974887558 0
3922065738374452 0
3922066204152621 0
3922067819256827 0
3922071698521789 0
3922073275117223 0
3922076102833613 0
3922081903073984 0
3922082322616473 0
3922095933079467 0
3922114622540868 0
3922115532720857 0
3922124340863986 0
3922129097279460 0
3922130129173564 0
3922137142166302 0
3922141223187839 0
3922141743754003 0
3922141864740661 0
4010312877 1
4016873519 1
4264473811 1
4473713031 1
4568996921 1
4655484863 0
4655559643 0
4773139373 1
4797774195 0
4837795857 0
4899667273 0
4964088237 1
4981606729 1
5448676913 0
5484516113 0
5575041885 1
5812946885 1
5823939867 1
6143639461 1
6331302075 0
6412146003 1
6633920051 1
6707065365 1
6714838757 1
6786321767 0
6962039301 1
7001078201 0
7036016073 1
7037124023 1
7152081523 1
7396888555 0
7577781753 0
7689288299 1
7704392289 0
8083591237 0
8209825805 0
8305840245 1
8336201314 0
8430939637 1
8431702113 0
8435765103 1
8514365559 1
8535326047 1
8732913535 0
8733329059 1
8807689996 1
8839253726 1
8876904039 1
8949574161 0
8980305559 1
8980862201 0
9006189127 1
9020328467 0
9123353039 1
9131655687 0
9231485285 0
9336971611 0
9624944661 0
9625080948 0
9655586843 0
9656869647 0
9673602170 0
9743573309 0
9833726676 0
3600000053764287 1
3600079791789491 1
3600106408354965 1
3600092441727665 1
3600108606269491 1
3600098464737330 1
3600314818916458 1
3600344279810683 1
3600352316557797 1
3600371492116232 1
3600367146791215 1
3600427322813770 1
3600431043127435 1
3600453134518069 1
3600440409433496 1
3600441415772315 1
3601471004353060 1
3601521595550755 1
3601507255205777 1
3601510937962192 1
3601548871988403 1
3601549630396186 1
3600567161203191 1
3601551484167477 1
3601556823599188 1
3601672934664369 1
3601722780057799 1
3601801998091186 1
3601817860469457 1
3601885418142650 1
3601912844708626 1
3602244861774232 1
3602269863635520 1
3601362552599896 1
3601383015816200 1
3602443977640496 1
3602527801217022 1
3602611439603519 1
3602618083439560 1
3602643123681995 1
3602631093667066 1
3602801513263583 1
3602818340098734 1
3602859314533134 1
3602859067013597 1
3603860545131642 1
3603883043316157 1
3602915262117377 1
3603146955630933 1
3603149179270810 1
3603135417307950 1
3603163854589304 1
3603166249390886 1
3603201330395460 1
3604242079885609 1
3604301987098116 1
3604331712294291 1
3604321059416823 1
3604338167925692 1
3603362655796653 1
3604388440196743 1
3604402235240065 1
3604430232223096 1
3604446921356919 1
3604484397691438 1
3604576437825120 1
3604598545282849 1
3604583995292143 1
3603594810790261 1
3603595070896498 1
3603614419737740 1
3604623678104048 1
3604641868852445 1
3604656955559943 1
3604678954639668 1
3604681035138411 1
3604683006393355 1
3604696122007267 1
3604721673812861 1
3604711900927683 1
3604785288686291 1
3605007607659996 1
3606421822581559 1
3606476838699358 1
3606478545711757 1
3606625849443761 1
3605737424996159 1
3605790654561737 1
3606803176837565 1
3606841663165498 1
3606860735139819 1
3606984689469388 1
3606979400420766 1
3607133171814941 1
3607150053779665 1
3607152562636381 1
3607165052689827 1
3607268253346258 1
3607317427897617 1
3607521723473212 1
3608646216770601 1
3608684103626012 1
3607706009398967 1
3608706866371751 1
3608759563872878 1
3607852234767114 1
3607938305908080 1
3607987484215361 1
3608024058510644 1
3608017679931214 1
3609151533781720 1
3608232839336801 1
3608316766543224 1
3608356143065421 1
3609643358404403 1
3609762572853631 1
3611180100371563 1
3610166090156883 1
3610511268352922 1
3611512154926879 1
3610760707921870 1
3611963021774660 1
3611983083797092 1
3612002058747899 1
3612066177297887 1
3612307185629216 1
3613390578811400 1
3613487521466515 1
3613514679797368 1
3612757158904294 1
3612816923388736 1
3613836680911246 1
3613843534108659 1
3612963241924836 1
3613009442246735 1
3613075443363848 1
3613103327395758 1
3613178040530862 1
3614253145257564 1
3613256306531605 1
3613266053872677 1
3616009728134268 1
3615500158396130 1
3616553960362276 1
3616570095758987 1
3617656609103157 1
3618768330739184 1
3617838936120152 1
3618851030147111 1
3618902963871537 1
3619882367478362 1
3619914335835505 1
3619966076683384 1
3620326275349008 1
3685957590853261 1
3685964956754161 1
3686031016722029 1
3624168329816340 1
3686328803349758 1
3687377647760855 1
3687445482970781 1
3686551860653652 1
3625597228248709 1
3686593447136245 1
3687631823436169 1
3625669277685908 1
3687649808276918 1
3625703373470078 1
3687664324971626 1
3687731072791527 1
3625818762514205 1
3625811233733342 1
3624895717758116 1
3687937889799348 1
3626014721118492 1
3688060438931282 1
3687069325429101 1
3688070450630068 1
3688082220443477 1
3688099362127971 1
3688167146464361 1
3688448223402590 1
3688516749875051 1
3688523406217197 1
3688526178542564 1
3688527940153648 1
3688778810495566 1
3626853283278784 1
3688818420807547 1
3688902252927902 1
3688986222427270 1
3689051552962637 1
3689037455673671 1
3689038592535660 1
3689061070031230 1
3689078133277653 1
3689099518678473 1
3627260260747489 1
3689252871531444 1
3689304725076460 1
3690343021183952 1
3690347769409020 1
3689382529269084 1
3689424116626444 1
3628529369513105 1
3689501911995200 1
3630121455811585 1
3629437310172693 1
3630502047476920 1
3691572665166706 1
3629705276673018 1
3692716216864631 1
3691788764481838 1
3693001060527378 1
3631073731086816 1
3631215511239428 1
3631473602937496 1
3694446074391241 1
3694473730801764 1
3694459651213688 1
3694525488386512 1
3694548225762219 1
3694540843901479 1
3632667465734419 1
3694162165182131 1
3694162631037474 1
3694165722285990 1
3694166221630518 1
3694166888258651 1
3694167773707412 1
3694168142597384 1
3694168352742087 1
3694168818228069 1
3694171070278864 1
3694175394066733 1
3694175721545664 1
3694176045064502 1
3694179416541403 1
3694179979148280 1
3694185204785962 1
3694189822345373 1
3694197800124348 1
3694217819812109 1
3694226967432406 1
3694262367485307 1
3694279962616578 1
3694281149178232 1
3694304331568435 1
3633369105834794 1
3695953506645173 1
3634022108721584 1
3697068939625998 1
3635767257237167 1
3697936967527034 1
3697924699779931 1
3697941531177495 1
3697943938568537 1
3697946027940242 1
3697946598058579 1
3637228884723056 1
3636271064499418 1
3636672451260096 1
3639260386712925 1
3640534125561830 1
3642694800544710 1
3644178900277111 1
3644188010671060 1
3644204993218832 1
3644211922184962 1
3644236978724465 1
3646313046790451 1
3647470162446581 1
3647791215625771 1
3648179172349025 1
3649197423473131 1
3649723783487268 1
3651454973879505 1
3650760975508494 1
3650948683958974 1
3650981189390338 1
3651015800927256 1
3651040853398576 1
3651110990091157 1
3651156783630358 1
3651169753216544 1
3651171602494589 1
3652617806566752 1
3653308625587985 1
3653342704448753 1
3653384785642009 1
3653561013720346 1
3655373212692622 1
3656546879440065 1
3656772843668120 1
3658411864390176 1
3660535071939322 1
3660584488289199 1
3663371628503052 1
3662387414965319 1
3662745800617966 1
3663876879430376 1
3663907933793559 1
3664010711257804 1
3664059214134545 1
3664833612501379 1
3664886960066812 1
3668092918118802 1
3669176193172473 1
3670603720065006 1
3671001906510580 1
3672017288936066 1
3673279208789543 1
3675680594481105 1
3674718999284440 1
3675076107205545 1
3675079412124627 1
3675081450231320 1
3676566855276819 1
3676825718607271 1
3676871982475683 1
3676885747718910 1
3677506940559135 1
3679006043852862 1
3679689707007203 1
3682680904569511 1
3683685465521362 1
3683685465521563 1
3683750435840938 1
3683871567040637 1
3684925415194613 1
3684095995971132 1
3684090567660542 1
3684126836169884 1
3684128371509575 1
3685447920105400 1
3684526800267299 1
3350040253028385 1
3485882990955466 1
3485902771037131 1
3486168438022990 1
3487191655426766 1
3487238812292624 1
3487239915378586 1
3486263653132914 1
3487316846362296 1
3487333800556483 1
3487319200055757 1
3487373335401384 1
3487357246294956 1
3486489126619759 1
3486530447983364 1
3487564139075943 1
3486567127953437 1
3487579301290745 1
3487581708809960 1
3486585045774431 1
3487608887436332 1
3487620577388688 1
3487641032588572 1
3486673457841762 1
3487675674072268 1
3487706250691298 1
3486691253958660 1
3487700189668878 1
3486783347798216 1
3486843071090659 1
3486845608638980 1
3486854890044793 1
3487894423824142 1
3487961456321584 1
3486980387807610 1
3486986402905181 1
3486993755138946 1
3488001407700350 1
3487036646825707 1
3488048661079851 1
3488069040840160 1
3488068805912999 1
3487160143823574 1
3488323454364109 1
3488336150630619 1
3488429172031138 1
3488623943077074 1
3488713802136794 1
3488736321072433 1
3488800305562925 1
3488801890821546 1
3488823655078819 1
3488808240636203 1
3488808366711890 1
3488826536577004 1
3488834052879768 1
3488841124105986 1
3488860002774854 1
3488860103182657 1
3488860622959802 1
3488848166740066 1
3488870240452997 1
3489907987681057 1
3489892804149018 1
3489937448229372 1
3489942821335796 1
3488980601462787 1
3488985853178103 1
3488989674101466 1
3488998049645638 1
3489016391886223 1
3490019467667327 1
3489009952634298 1
3489035374832682 1
3489035978933121 1
3489064139503488 1
3489068896186317 1
3489090936868577 1
3489091498346620 1
3489096049680543 1
3489096444185203 1
3490095649239067 1
3490079798609754 1
3489097953609637 1
3490082080383734 1
3489082904953389 1
3489099614454084 1
3490083770692016 1
3489101477126498 1
3489105411393740 1
3489108179116905 1
3489110939758010 1
3490113894293453 1
3490117287436856 1
3489120016355026 1
3489137766221618 1
3489142434505515 1
3489147207827234 1
3489153994433578 1
3489157286822636 1
3489163980623509 1
3489185887889575 1
3489186630221600 1
3489202996195214 1
3489225288276286 1
3490292449965980 1
3489438447217862 1
3489442075923379 1
3489472027325168 1
3489510606556319 1
3490880437044775 1
3491972712674827 1
3491014906301836 1
3492002199258485 1
3491022178861871 1
3492067357689689 1
3492098550161083 1
3492298274631749 1
3492306789391522 1
3492313617595414 1
3492333909830321 1
3492333762865738 1
3492335394659283 1
3492337940615684 1
3491368825851241 1
3491383639981633 1
3492438201386444 1
3492443267520328 1
3492446053240133 1
3492448519351538 1
3492449014411924 1
3492449035178406 1
3492459252380301 1
3492459734875522 1
3492491900931319 1
3491548534228211 1
3491549667144074 1
3491550992977247 1
3491551634579276 1
3491552036431207 1
3491553588609239 1
3491555228499082 1
3491555589673815 1
3491543916953598 1
3491544621466572 1
3491544864925209 1
3491546567738403 1
3491546966012511 1
3491564464892130 1
3491568721987017 1
3491571859596491 1
3491576213000165 1
3491594072714093 1
3491582114671030 1
3491585033754109 1
3491611545989751 1
3491623524636311 1
3491643027771174 1
3492658964036815 1
3492701478000644 1
3491706714410644 1
3492710012471539 1
3491717829841601 1
3491728411990928 1
3492737561395470 1
3492839960872769 1
3491916861467733 1
3493004046488512 1
3493025545786832 1
3493096409268713 1
3493189724090283 1
3493200461638007 1
3493217721117209 1
3493352454615919 1
3493401536294919 1
3493463742206046 1
3494620366946102 1
3493708597108003 1
3493743171201367 1
3494845165558900 1
3493875048243620 1
3493879288634088 1
3494885757600474 1
3493888415670451 1
3494171795104491 1
3495220068943200 1
3495222657050518 1
3494245048543363 1
3495318807631968 1
3495381470293153 1
3495585271593099 1
3495640019701213 1
3495660563571954 1
3495745049431351 1
3495729601661914 1
3496809274098555 1
3496972759143336 1
3497007362625593 1
3497008692459951 1
3497079273523040 1
3496244897298218 1
3497344144309737 1
3496365798037366 1
3435454407726933 1
3496623327531255 1
3496628361121803 1
3497940054647275 1
3499135082795848 1
3499161628022251 1
3498165074635652 1
3498148767247403 1
3499181094188702 1
3499193706686298 1
3499245883634226 1
3498256908709310 1
3498478561361651 1
3498498710659473 1
3498552099553675 1
3499582631364492 1
3498569279311346 1
3498577018422805 1
3499630773739007 1
3498638225486469 1
3498781704211712 1
3498832740966369 1
3498854609883720 1
3498869415811827 1
3498870451692065 1
3498871676730328 1
3499877922886432 1
3499922047806436 1
3499972223441383 1
3498960855601223 1
3439074688233106 1
3451776512506518 1
3451804916598743 1
3452222430499616 1
3452380966725128 1
3452418795146337 1
3452422104224738 1
3452453997419541 1
3452470666168082 1
3452516866452873 1
3452584473649318 1
3453876256653682 1
3454043504573737 1
3453234448444600 1
3453249292186339 1
3453254178451240 1
3453301066925717 1
3454298556129386 1
3453529848897130 1
3453589098135002 1
3454620153860425 1
3453629262608984 1
3453646882841201 1
3454632070539096 1
3453649164777578 1
3453638683142474 1
3453656936899673 1
3453675689558352 1
3453675718928162 1
3453724347000346 1
3455048119687645 1
3455119418952354 1
3455278454240838 1
3456465409077567 1
3455471589732561 1
3455477713507351 1
3456581075487348 1
3456869509414752 1
3456068187718256 1
3457125642347785 1
3457148816430806 1
3457186108155483 1
3457191178925134 1
3457180764465171 1
3457250520132238 1
3457259298831551 1
3457489054090868 1
3457514660417305 1
3457519378932573 1
3457544725440578 1
3457580171289757 1
3457616380880779 1
3457653114185006 1
3457667438187103 1
3457688354734395 1
3458030367024814 1
3458052025942521 1
3458052369594626 1
3459289069282624 1
3459357758498843 1
3459378101726338 1
3459370434645053 1
3459443922790146 1
3459674701651715 1
3459719236794007 1
3459991333888542 1
3460008874729757 1
3460049077161136 1
3460068303693358 1
3460064679567744 1
3460081889000627 1
3460099291076843 1
3461174400099598 1
3461274552166859 1
3460729330329170 1
3460774452684348 1
3460892992058399 1
3463354599350536 1
3463394076393322 1
3462537242957043 1
3463033320068479 1
3464577842643036 1
3464725276652656 1
3464774891129946 1
3464863219571406 1
3464893543788087 1
3464942885303239 1
3465261540071546 1
3466379833885944 1
3466532812650608 1
3466544342618479 1
3465560953888712 1
3468095584549479 1
3469223404153052 1
3469650639293155 1
3469903954912172 1
3470312370783354 1
3471349043416177 1
3473324619770319 1
3472368082960657 1
3472360072478251 1
3474212025399603 1
3474196170493301 1
3474237413378556 1
3475292175812467 1
3475276719201366 1
3475302015075964 1
3475357284342594 1
3475375470567128 1
3475560997435225 1
3474641237023164 1
3475659776765538 1
3475730685784894 1
3475731117821179 1
3475779444480201 1
3475831861399909 1
3475816099213996 1
3475822150928775 1
3474949371560457 1
3475956478311632 1
3475985904876788 1
3475973863764537 1
3474993889611780 1
3475996311495215 1
3475997196621695 1
3476001294281594 1
3476003118586439 1
3476004406604577 1
3476011099904602 1
3476014229176895 1
3476047150609199 1
3476055656644087 1
3475077888525853 1
3475088676818687 1
3475189017268462 1
3476347987243728 1
3476366005708918 1
3476375468407135 1
3476379494883694 1
3476433059938818 1
3476452156883386 1
3476463481768425 1
3476496058745719 1
3476536713907169 1
3476556960113464 1
3476559849884422 1
3476564970344448 1
3476566317719846 1
3476551272666639 1
3476569358351888 1
3476554078362696 1
3476573711898284 1
3477649144126147 1
3476653320024104 1
3476671204519909 1
3476689298354467 1
3476693899950085 1
3476694629370866 1
3476699603835744 1
3476703361978782 1
3476720403686044 1
3476720315058074 1
3476724542925166 1
3476709573976614 1
3476728628724751 1
3476748715233639 1
3476748811452994 1
3476751323900108 1
3476736518116035 1
3476754284979460 1
3476757086903786 1
3476756831300415 1
3476741144504142 1
3476742636930340 1
3476761289518680 1
3476770433092020 1
3476789282686011 1
3476774355014599 1
3476792642345808 1
3476786354136193 1
3477785811268462 1
3476808219775928 1
3476828583155088 1
3477832837695365 1
3476847167991333 1
3476847243082976 1
3477849484677354 1
3476903199574746 1
3476904852571197 1
3476892676051790 1
3476913014630101 1
3477943483403687 1
3477927952120795 1
3477940169720424 1
3477074696556911 1
3477075472427998 1
3477110834353749 1
3478206348931968 1
3478258433847667 1
3477260172103754 1
3478297025297295 1
3478344538091714 1
3477387511088019 1
3477395653052393 1
3478461773912071 1
3477544462167812 1
3478611753805809 1
3478614278383900 1
3477636225244970 1
3477641384873706 1
3477645428071034 1
3478693148247110 1
3478700387008482 1
3478718410227778 1
3478749062799473 1
3478820784587744 1
3478863390881124 1
3478848236361500 1
3478872286876878 1
3478873583320527 1
3478907988973801 1
3478912548201005 1
3479034115970282 1
3479427033665976 1
3480446090739784 1
3479432260028908 1
3480453215994714 1
3480497768613174 1
3479591228668237 1
3479646236584041 1
3479662610836567 1
3479678805595388 1
3480707001144602 1
3479752637974104 1
3479755288487484 1
3480774739092721 1
3479908011902517 1
3479953821848171 1
3479956317568921 1
3481128558350104 1
3481406094996295 1
3481413565663708 1
3482454025429817 1
3481472155823132 1
3482503652382705 1
3482530500417871 1
3482538712218282 1
3482573265648766 1
3482634359698716 1
3482704601082178 1
3481776967900908 1
3481849667911377 1
3481870262536710 1
3481875903914439 1
3481908875335317 1
3481894371372964 1
3483061063076840 1
3483063583782112 1
3482093444843170 1
3482085341954841 1
3482129147234171 1
3482227805732735 1
3483288419645192 1
3482294985747785 1
3483961038872775 1
3483981330353754 1
3485013402340207 1
3485011523234912 1
3485028749216845 1
3485063653900560 1
3484080714987190 1
3485365795239563 1
3485366437050016 1
3485369632911837 1
3484377063826489 1
3484399150588225 1
3484401055105935 1
3485384707026662 1
3484401692017275 1
3484401939493750 1
3484401952642594 1
3484403570896812 1
3484404997459078 1
3484405244976656 1
3484406834408808 1
3484391252789011 1
3484415605205182 1
3484419925117064 1
3484420696534784 1
3485437719294972 1
3484442163066222 1
3484429249048172 1
3484429588852111 1
3485445931062285 1
3485432052860221 1
3484432814099833 1
3485463900094387 1
3485466512596739 1
3484519405492647 1
3484520085121839 1
3485521986263315 1
3484651085456735 1
3484661135482506 1
3484706283005758 1
3485718775574527 1
3484703426810984 1
3484724339608937 1
3485745111589213 1
3484788059533944 1
3484774495016696 1
3485790535605269 1
3500050099603934 1
3500083960436926 1
3500236574025109 1
3500269000576161 1
3500355843268563 1
3501410584664439 1
3501401046586213 1
3500420544653787 1
3500428216243674 1
3500428073857022 1
3501429299609842 1
3501483205495370 1
3501502087940050 1
3501533528558289 1
3500592116827973 1
3500640565556485 1
3500632478948697 1
3501718618511248 1
3501712684038955 1
3501746318309268 1
3500763278016493 1
3500752607250904 1
3500799772207648 1
3500799898784795 1
3500800086806326 1
3501812546424620 1
3501836730245140 1
3501881290297597 1
3501888588979678 1
3501893492379472 1
3501895438136859 1
3500947630475466 1
3500938604210119 1
3500965435418414 1
3500969977692651 1
3500986368623203 1
3500988793218007 1
3500992748769953 1
3500997319803592 1
3501007159870395 1
3502028510223617 1
3502018951541090 1
3502046475014301 1
3501069860404531 1
3501106442896957 1
3501143051251320 1
3502151588614522 1
3501169957796744 1
3501313566911009 1
3501332705456634 1
3501337847084221 1
3501329089852051 1
3501369858201171 1
3502531345366671 1
3502570838211299 1
3502571694470352 1
3502815316353206 1
3502823666515332 1
3502884354347322 1
3503895353461882 1
3503911920559503 1
3503918791049877 1
3502922216520685 1
3502949257220082 1
3503985849777083 1
3503976291300771 1
3503976928323160 1
3504025666480847 1
3503183173448234 1
3503200768806063 1
3504353644270244 1
3504387072468871 1
3504394286475039 1
3504412003450064 1
3503559360631269 1
3503647151075575 1
3503676871907725 1
3503669317756910 1
3503687710009782 1
3504906071366130 1
3506150592854791 1
3506162601099827 1
3506164542817955 1
3506229823256156 1
3505293494965288 1
3505293927005981 1
3505305100637083 1
3505514078207940 1
3505676838179912 1
3505753517822653 1
3506789418989200 1
3505814034098655 1
3505857700455984 1
3506133253657691 1
3507188213489088 1
3507329591118147 1
3507569304244685 1
3507555013581758 1
3508583058869083 1
3507621707066049 1
3508656841096077 1
3508689455829552 1
3507874476782735 1
3507900985440121 1
3508957236737566 1
3507985437364629 1
3509007626879908 1
3508028450318240 1
3508040840360783 1
3509294178132362 1
3508416951695244 1
3508455602110740 1
3509481592219934 1
3509466467176769 1
3509835758939998 1
3510959064772874 1
3510961962636034 1
3510980376448123 1
3511082494250878 1
3511106943375346 1
3511107626565991 1
3511114191217907 1
3511117647560269 1
3511134378316968 1
3510241607927503 1
3510486559337117 1
3511492924642282 1
3511499119440884 1
3510520051025731 1
3510535972551211 1
3511601149675277 1
3511607152335110 1
3511619034372010 1
3511687216690701 1
3510739161273887 1
3511788597024497 1
3510778193690234 1
3510783452940844 1
3510802479124842 1
3510807269083133 1
3510816303317584 1
3510817628717886 1
3510821218727992 1
3510857797616558 1
3510860377096117 1
3510876583502945 1
3510861841251632 1
3510890932292530 1
3510910511006905 1
3510895101576065 1
3511911129487048 1
3510914869800796 1
3511915269299485 1
3512001798299989 1
3512026494175760 1
3512296465128459 1
3513350363696034 1
3512374956894100 1
3512376240679226 1
3512383823888408 1
3513388757542796 1
3513445360222163 1
3513456064319145 1
3513457607556781 1
3513487764664286 1
3513524204261047 1
3512602401672717 1
3512606659077201 1
3512642733943490 1
3512651000669866 1
3512683259172657 1
3512711013395147 1
3513770552486982 1
3513776416261903 1
3513822251523529 1
3512912876773964 1
3512941028164269 1
3512941707698187 1
3512933638517149 1
3514003047802364 1
3513012256273438 1
3514013067313963 1
3514044067395788 1
3514062409017683 1
3514155220697946 1
3514180600361613 1
3514207993874298 1
3514193703878383 1
3513262479906932 1
3513290493304816 1
3514388935498432 1
3514757086467700 1
3515798561580059 1
3515833974728440 1
3515863422717161 1
3515909513698334 1
3515910432525662 1
3515957161081635 1
3515977071270467 1
3515996041699323 1
3516022743206833 1
3516051495056011 1
3515105759247522 1
3515172402306293 1
3515176005258497 1
3515177133623130 1
3516196189961226 1
3516215341768548 1
3516204348375364 1
3516222802868097 1
3515232913489130 1
3516243602868527 1
3516263789690380 1
3516292306675519 1
3515279999381858 1
3515296763540738 1
3515306498371205 1
3516342533967379 1
3516345091714694 1
3516361349003676 1
3516380156720562 1
3516393737842829 1
3516394706413105 1
3516395172216335 1
3515420177320341 1
3515488262771092 1
3515523134837511 1
3515526720258027 1
3516538713809703 1
3515549755997342 1
3516596515554070 1
3516598901979378 1
3515599471078260 1
3515605083029671 1
3515617766503869 1
3516618472368802 1
3516642124852390 1
3516647300535472 1
3516692619120294 1
3516747649161965 1
3516926778845338 1
3517026347649064 1
3517105192015834 1
3518353152942302 1
3518396224240158 1
3517436147959632 1
3517450127341666 1
3518451824207957 1
3518511814617272 1
3517609569657070 1
3518713854615344 1
3518796410838100 1
3517799466780658 1
3517835907208784 1
3517844278615947 1
3517844509331642 1
3518904050006967 1
3517985131691650 1
3518033702079394 1
3518055328369428 1
3519139757199506 1
3519124523511095 1
3519366098842462 1
3520504910331168 1
3519532482021237 1
3519533341933969 1
3519592385660612 1
3520628361437697 1
3520673399481405 1
3520706987923093 1
3520696271010663 1
3520721714145551 1
3519882198619469 1
3520926761349760 1
3520966661376162 1
3520984722058542 1
3521049788336599 1
3521052032264897 1
3520058485711818 1
3521045488918643 1
3521098215849074 1
3521102879439862 1
3521135469424684 1
3520162789675046 1
3520224013515980 1
3521266449018655 1
3521273369873226 1
3521314507286931 1
3520331211578553 1
3521401111509221 1
3521404332482919 1
3521404504466636 1
3521436003937817 1
3521423597056517 1
3521597266900397 1
3521605651330955 1
3521621492850391 1
3521638299530621 1
3521705047522736 1
3521711376511875 1
3521716896494896 1
3521726534882819 1
3521754763285985 1
3521783459977821 1
3521784332486916 1
3521769287445261 1
3521774652437255 1
3521899399500318 1
3521889047287796 1
3521891396337049 1
3521928440481629 1
3521973127092246 1
3521978864546641 1
3521999906941401 1
3522018328701914 1
3522018735330496 1
3522004038267534 1
3522009113562735 1
3522037349608716 1
3522057663384354 1
3522061769619828 1
3522062138528886 1
3522046464288549 1
3522062918819998 1
3522065812103874 1
3522088142548790 1
3523113511584631 1
3522122414861285 1
3523142439447223 1
3523166905046601 1
3523221149736189 1
3523238128297682 1
3523266330931273 1
3522367311777458 1
3522397552936483 1
3523451346020299 1
3522547913686194 1
3522771311121795 1
3522812779768092 1
3522813832871598 1
3522816362039773 1
3523834940812803 1
3523879978614833 1
3523913675764517 1
3585893346832794 1
3585917044371291 1
3585925315617773 1
3585948313073053 1
3524006231630233 1
3586132413779178 1
3586148095878220 1
3586161802851398 1
3524220476264802 1
3524271957181456 1
3586264382744085 1
3587286128562289 1
3524326160871790 1
3586294556631993 1
3586281571142628 1
3524337074071754 1
3587306604295652 1
3524360365542040 1
3586313934109778 1
3586314010384018 1
3587374044930539 1
3587410875051088 1
3524541773271951 1
3587568375939436 1
3586592441055611 1
3586603458858758 1
3586604645958819 1
3586629925308711 1
3586622715271375 1
3525657218767582 1
3586644991153584 1
3586649520575173 1
3525690437894314 1
3587660373071129 1
3586683368862254 1
3587690400396038 1
3525766500915496 1
3587819718917549 1
3587821191557535 1
3586847365965288 1
3586875165869540 1
3524942954300053 1
3524928957451510 1
3524953842289337 1
3586944980556495 1
3587929294833069 1
3524998339644279 1
3526019803754303 1
3525022351834740 1
3525081986261659 1
3588320657355198 1
3588332417956987 1
3526368157155355 1
3588397069256424 1
3526434251143049 1
3588639966003346 1
3526712279402895 1
3589746401954402 1
3526791279041276 1
3588762925641828 1
3527867209657926 1
3588833264453928 1
3589896742294688 1
3589033244483137 1
3528263013563152 1
3590271042422629 1
3527517275120435 1
3528526713937206 1
3590501757933430 1
3590615252498304 1
3530028832389621 1
3530075636834956 1
3530125637252504 1
3529127883262194 1
3530173875627205 1
3529185320305155 1
3529202210905711 1
3529219726806472 1
3591226282354290 1
3591229885188029 1
3591247774522147 1
3591249682267613 1
3592256290717677 1
3592306826992142 1
3592307905061908 1
3530402973224216 1
3530423067768377 1
3529447015597687 1
3592527049606331 1
3529639043274611 1
3530665750336865 1
3529673642807596 1
3529687797669912 1
3529692969638547 1
3529720404912831 1
3530762815392792 1
3529768664816061 1
3529837316276459 1
3530838043711256 1
3530838648140161 1
3530858881251151 1
3530860848054388 1
3530849616119957 1
3591906363734814 1
3529973463269899 1
3530990352007663 1
3531067597928787 1
3593033951571746 1
3531095800442217 1
3531107364451044 1
3531125748419928 1
3531109889902991 1
3531110162192187 1
3531147474865146 1
3531157301666442 1
3531186942559097 1
3531468229934700 1
3531524093331821 1
3531526790267299 1
3531534726167643 1
3593500484588570 1
3531536294993622 1
3532540005039375 1
3594507398848135 1
3531561934436883 1
3532583411534171 1
3532588276615864 1
3531589097045397 1
3531576794677889 1
3531594978010028 1
3532597747683973 1
3532600507531863 1
3532621143238365 1
3532661769045405 1
3532657386723950 1
3594644627774586 1
3594659617599403 1
3532716375448037 1
3532735908351193 1
3593731594664027 1
3593732223957950 1
3531794916008696 1
3593779291912843 1
3531807033128932 1
3532890178917843 1
3532894309655677 1
3532899825071070 1
3531904240271599 1
3531957679551385 1
3594987834559891 1
3594993887077991 1
3594995661369414 1
3533039621438092 1
3595005073056858 1
3533234900561204 1
3532243463220085 1
3595209751759677 1
3533232005844611 1
3533257528667942 1
3595241757879060 1
3532262362179252 1
3595286251032243 1
3533360137322410 1
3533385877725900 1
3595378190553241 1
3595428680960679 1
3533568158624443 1
3533599414591845 1
3533618351401336 1
3533739923211919 1
3533777328272766 1
3533779232441857 1
3533780360431082 1
3596745735216635 1
3534810259530570 1
3534827825299244 1
3534840185838771 1
3534899925192369 1
3533931498870950 1
3533976356926086 1
3533981360632497 1
3533996732591077 1
3534023421298422 1
3597022806854746 1
3535063637353866 1
3534105319207573 1
3597082663756628 1
3535158512224951 1
3597162498022674 1
3597185771771477 1
3534295853120535 1
3596262509338646 1
3534319119064358 1
3534320087633406 1
3534383233018984 1
3535439631439061 1
3535471197714337 1
3596450753920502 1
3535489464046592 1
3596457934640043 1
3535493976947445 1
3535499165497571 1
3535515783433535 1
3597513560755213 1
3535580233029694 1
3596536183304553 1
3535575317211561 1
3535619814650950 1
3535622159975022 1
3535628362541403 1
3535630157535811 1
3535616832540893 1
3535633572604748 1
3596623504464228 1
3596612913834830 1
3596644085750641 1
3535680787697664 1
3597674685634950 1
3596676713278888 1
3535733682311516 1
3535739217981956 1
3534745704603181 1
3596697974510104 1
3535775381245752 1
3535810479128076 1
3597775851371366 1
3535832780539292 1
3535871284056847 1
3598051547031992 1
3598092597450616 1
3536160468654893 1
3536176168264005 1
3599155752940696 1
3536217955856683 1
3536219285590704 1
3599222416711344 1
3537318084311339 1
3536326634764845 1
3598326383453776 1
3599309817909301 1
3537392063163490 1
3537427450560806 1
3536502098911595 1
3536516107985725 1
3536550971549456 1
3536539063803461 1
3536568360651934 1
3537595357702442 1
3536599683987468 1
3599615632726490 1
3537684699850722 1
3598669410020689 1
3598678562887616 1
3598698775031631 1
3599714400236828 1
3599727641719098 1
3599755370345974 1
3536835835733445 1
3536853955568605 1
3598828055639876 1
3536862985241757 1
3537881727926497 1
3599874979445771 1
3536928793715312 1
3536930908133683 1
3536931868138242 1
3536932275626915 1
3536934448194556 1
3536935073488722 1
3536936402626899 1
3536937614625154 1
3599887834485486 1
3599905131947401 1
3536966278412964 1
3536955356580994 1
3599938061281073 1
3536959203003654 1
3536975887764280 1
3536960792696376 1
3536977289275451 1
3599953362587747 1
3536994468466103 1
3598980971795843 1
3538021837991992 1
3538045670262500 1
3538296473310311 1
3538303036557409 1
3538305792221794 1
3538326063612101 1
3538389174946832 1
3538425326108148 1
3538430842051545 1
3538444489794715 1
3539541443339071 1
3539528054332151 1
3539535067086855 1
3539552264519431 1
3539558178455634 1
3539702516376403 1
3539723253015954 1
3539770724065765 1
3539757382411974 1
3538765136241493 1
3538819598740889 1
3539838806516597 1
3539934641848892 1
3539031692004076 1
3540078733149734 1
3539127276222253 1
3539142166112871 1
3540213088929437 1
3539241373690189 1
3539333123970420 1
3539414598665114 1
3539421439631615 1
3540450231607216 1
3539478301577463 1
3539500829255294 1
3539506453586129 1
3539490741912632 1
3539491606180752 1
3539492730542759 1
3539493690675192 1
3539497507926156 1
3539498019737307 1
3541908481526544 1
3541944652894180 1
3541995274804532 1
3541210708384352 1
3541243373890933 1
3542393175448897 1
3541432742624818 1
3542479737332211 1
3541615299321212 1
3541619364356112 1
3542645769057965 1
3542723602157480 1
3542723967098058 1
3541746107098884 1
3542785078505880 1
3542852530926264 1
3543012318106246 1
3543117036842823 1
3543137035145163 1
3543183801695829 1
3543185106296917 1
3543210062202365 1
3543325993101342 1
3543335924656935 1
3543515281557515 1
3544531288786944 1
3544807488491673 1
3544835879726634 1
3544867177036329 1
3543898510979634 1
3544994960576079 1
3545568494205770 1
3545636475076588 1
3545679399574108 1
3546008959383242 1
3546270792350128 1
3546287011912487 1
3547335546225411 1
3547370744190399 1
3547468505446787 1
3546644643403439 1
3547708273424153 1
3547825524904328 1
3547853882402716 1
3547930159640406 1
3547977337564354 1
3548245383004433 1
3549305279364765 1
3549399257399515 1
3548451688069313 1
3548612241976905 1
3549630475812583 1
3549630589067248 1
3549654979963656 1
3549659249230256 1
3549661786706779 1
3549665267788019 1
3549667960651035 1
3549688235790247 1
3549688521027374 1
3549676018005772 1
3549694913487439 1
3549679364631318 1
3549696536243258 1
3549686092318187 1
3549718543789565 1
3549735002472473 1
3549790778491622 1
3548798792341725 1
3549870176387013 1
3549913478403360 1
3549938912618523 1
3549941865150351 1
3551571441152301 1
3551685860964318 1
3550671498093079 1
3551712554354222 1
3551735039680493 1
3551719625241920 1
3551747966140687 1
3551764454340038 1
3550768910663166 1
3551768643908520 1
3551774499537875 1
3551792254052062 1
3550798464082936 1
3551837967798237 1
3551855717966611 1
3551892711507951 1
3551034007727627 1
3551030900066285 1
3552073255524560 1
3551137359312575 1
3552253253794574 1
3552389523111081 1
3551423410769068 1
3552513678488927 1
3552654204614789 1
3552769275639752 1
3552807199963698 1
3552798710677166 1
3553833936285095 1
3553850860066204 1
3553855055057462 1
3553858049968422 1
3553859836661039 1
3553863182928051 1
3553863896009411 1
3553865121381289 1
3553868174675202 1
3553871978592378 1
3553893516900664 1
3553897220564515 1
3553916760910325 1
3553902362331431 1
3552919997329099 1
3553903511303352 1
3552904797309443 1
3552921767567165 1
3552922828553742 1
3552907573807786 1
3552923453557753 1
3552907615754341 1
3553907546720888 1
3553924831040775 1
3552909620538529 1
3553910574974676 1
3553913142155429 1
3552931686789741 1
3553937992712129 1
3553941734583436 1
3553943076098945 1
3553961631599530 1
3553966325501855 1
3553951221701502 1
3552968810662725 1
3554114233283397 1
3553172620433013 1
3554239139423262 1
3553277234924864 1
3554453552400460 1
3553516544823295 1
3553647100972891 1
3554657370907067 1
3553726293981044 1
3554837192917154 1
3554953089566661 1
3554949747385522 1
3554968256246645 1
3554974321629857 1
3554993065464473 1
3554982156128981 1
3555026469159732 1
3555062729195092 1
3555189178536102 1
3555198087457574 1
3555213250149371 1
3556231757516091 1
3555261954877976 1
3556261566079424 1
3556253500078671 1
3556258520922794 1
3556259086805180 1
3555278890580714 1
3555282297142050 1
3555300805949457 1
3555301305301144 1
3555293344435157 1
3555322930901610 1
3555342988059973 1
3555357253212303 1
3555358251621326 1
3555380984218760 1
3556413806921545 1
3556418781490303 1
3555475565736887 1
3556530529722533 1
3556539375796087 1
3556525094196431 1
3556546719667108 1
3556551304180279 1
3556567812992363 1
3556560317589935 1
3556564113772491 1
3556564541154976 1
3556582753345046 1
3556607201658627 1
3556608481082010 1
3556597777008259 1
3556619570968102 1
3555638921701628 1
3555670261721720 1
3556738555126894 1
3556748327615046 1
3556779830962594 1
3556788869679111 1
3555835253302607 1
3556876651915970 1
3556880691584685 1
3556866124835333 1
3556873166909356 1
3556908876895369 1
3556950916318598 1
3556029880627359 1
3556130866941802 1
3556134663252800 1
3557183867882163 1
3557209810116804 1
3557322171267375 1
3557585443383199 1
3557586148357412 1
3558607675129825 1
3558592202743585 1
3557611934671068 1
3557600983051473 1
3558620920552382 1
3558621000947794 1
3558624364159841 1
3558634073974282 1
3558656408309110 1
3557662195382754 1
3558688687772518 1
3558681310591060 1
3558701748774243 1
3558722909032368 1
3558711618218466 1
3558727770195109 1
3557714938525397 1
3558766337240721 1
3558758409836592 1
3558777120956241 1
3558817197418963 1
3558997363714404 1
3558997711887948 1
3557986733704409 1
3559003533831639 1
3559030854951184 1
3559032574841155 1
3559018553079560 1
3558019692393026 1
3559025192971820 1
3559075776717503 1
3559060366746545 1
3558061107430414 1
3559063650247117 1
3558065997906879 1
3559094051069362 1
3558192170227570 1
3558245521689164 1
3559310590487460 1
3559315678191265 1
3558335577759135 1
3558335318239831 1
3558378724885153 1
3558394482644770 1
3559400969012088 1
3558431304631440 1
3559500692505883 1
3559632658681336 1
3559636357693739 1
3559664044268333 1
3559738497226707 1
3560965905636500 1
3560049802592181 1
3561129584857414 1
3560131016874796 1
3561176371402127 1
3560196150182168 1
3561233753951411 1
3560240555106062 1
3560401838890785 1
3560449918047267 1
3560485317820031 1
3560538245904046 1
3561586113832448 1
3560607397333073 1
3561656128374934 1
3561663095784004 1
3561685333657854 1
3560735323590929 1
3561836555194358 1
3560839409344455 1
3560851975885975 1
3560859768815251 1
3561912925400260 1
3560951041416734 1
3560955138807805 1
3562224737855412 1
3562224750320682 1
3562324654865954 1
3562401783685863 1
3563489068585280 1
3563477014831136 1
3563508274970669 1
3563528071928373 1
3563516428542155 1
3562610706774275 1
3563617561986680 1
3563658858369004 1
3563694547998711 1
3563719940577536 1
3563705654088598 1
3563729331117724 1
3563716224122682 1
3563734469087333 1
3563756657070799 1
3563761564568343 1
3563749674113920 1
3563796012530136 1
3563784566439958 1
3563801314145022 1
3562805615546326 1
3563806485447283 1
3563847472675997 1
3563852438880027 1
3563853944567995 1
3563858042281330 1
3562951304661788 1
3562939258738096 1
3562964356998971 1
3562966579995883 1
3562989984482763 1
3563996361613481 1
3564000099270887 1
3564006922834971 1
3563050151616103 1
3564073213737189 1
3564076116658657 1
3563115163421244 1
3564131828986167 1
3563202510025232 1
3563322060025796 1
3564411622592850 1
3564414521502106 1
3564424549857223 1
3564448352737229 1
3564471580584081 1
3564472088564528 1
3564477058839350 1
3564512882224934 1
3564518959195705 1
3564538458613926 1
3564563184610988 1
3564809884900610 1
3564960288706640 1
3565232666163032 1
3565267227940950 1
3566276356194468 1
3566414310741544 1
3566612324133887 1
3565645549053109 1
3565633213647450 1
3565666886349587 1
3567082208112662 1
3567091888659283 1
3567148637484086 1
3567239007652877 1
3567418918236069 1
3567477496185720 1
3567640481959410 1
3567642331335165 1
3567627990991236 1
3567644815253057 1
3567632537926235 1
3567649252389431 1
3567656659726951 1
3567665295750659 1
3567681754496978 1
3567719330485736 1
3567705989056922 1
3567754298585813 1
3567765702683846 1
3567770283321379 1
3567771868689748 1
3567794928724226 1
3567800750204590 1
3567801539097700 1
3567808006623930 1
3567813065474996 1
3567836464741313 1
3567821579988573 1
3567823173938397 1
3567840542451486 1
3567842563458986 1
3567827204097241 1
3567827463941151 1
3567827585828006 1
3567830068390832 1
3567853409845430 1
3567986125844065 1
3567987384249393 1
3567988890252640 1
3568004744840996 1
3568023296209499 1
3568010918476234 1
3568017994779268 1
3568065779906912 1
3568049938078131 1
3569099457693002 1
3568100933050229 1
3569088515769132 1
3569089802496496 1
3569092495493393 1
3569092772169356 1
3569094618313881 1
3569094693330405 1
3569096282914761 1
3569096354035928 1
3568099095489860 1
3569138116640284 1
3569139052091832 1
3569141380330160 1
3569125831757180 1
3569129141672616 1
3569178974225506 1
3569187894906400 1
3569191531214526 1
3569193523468717 1
3569219192669812 1
3569204098154618 1
3569204952917178 1
3569222304706496 1
3569222418287404 1
3569207289146686 1
3569223680606835 1
3569207713122547 1
3569228826855915 1
3569260964559469 1
3569265619805107 1
3569270367557889 1
3569271974566222 1
3569274222154981 1
3569274846788204 1
3569279633422411 1
3569281247606582 1
3569284976394649 1
3569285207117705 1
3569288578928062 1
3569306211976297 1
3569320678891861 1
3569363711592162 1
3569413653686242 1
3569424609073241 1
3569431202958037 1
3569449539582932 1
3569435451125015 1
3569444959621890 1
3569471903664017 1
3569481349451329 1
3569481810465816 1
3570525035415200 1
3569532876232276 1
3569519433492683 1
3569536332453552 1
3570564616762329 1
3569550760883033 1
3569552350681666 1
3569576783098513 1
3570581284440026 1
3570583243597176 1
3569584340277932 1
3569589017372004 1
3569591768355800 1
3569607636098646 1
3570591862673402 1
3569593329031718 1
3570610216980905 1
3569617324300317 1
3570627077989345 1
3569647041226131 1
3569658663845814 1
3569658722461280 1
3570675341704457 1
3569663604882970 1
3570716009678220 1
3570726277704368 1
3570726042795883 1
3570738839294188 1
3570762646922409 1
3569798078203941 1
3569804743002704 1
3569810916533704 1
3569831858758056 1
3569826331310012 1
3569827366704717 1
3569828134903216 1
3569846765439099 1
3569851425598862 1
3570869203192420 1
3569876888998921 1
3569862804630554 1
3569863450289404 1
3569865371580982 1
3569883273400637 1
3569884660791223 1
3569921633733163 1
3569926239000633 1
3569931909734520 1
3569983516395286 1
3569971856678307 1
3569994707285886 1
3570005641422797 1
3570024213924346 1
3570008544264892 1
3571008193214580 1
3570028836559215 1
3571047833710111 1
3570140195444112 1
3570141738261622 1
3571174027764153 1
3570201666822861 1
3570221762017514 1
3570225436369763 1
3570229739002279 1
3570233467478195 1
3570255152793754 1
3571256417022093 1
3570244972675763 1
3570351076301625 1
3570358533599799 1
3570377932253887 1
3571402777000146 1
3571462713599109 1
3571652732297803 1
3571724349958150 1
3571792515595667 1
3571814817013398 1
3572894955717966 1
3572898226590070 1
3572031158867068 1
3572048154848486 1
3572064554102299 1
3572066672427504 1
3573102354705643 1
3573094298344573 1
3572119843566098 1
3572170187642250 1
3572524799796330 1
3573576990940167 1
3572582382671723 1
3573604354359575 1
3573622352294410 1
3573756108683552 1
3573789310793803 1
3572782132372776 1
3573807153480196 1
3573816145869148 1
3575278997524651 1
3574311804066048 1
3574405285896261 1
3575405094635369 1
3575472573558362 1
3574506318549853 1
3574604649528092 1
3574613797373183 1
3575637757640196 1
3574639831837648 1
3574633620443779 1
3574684778471907 1
3574671301513431 1
3574690985199156 1
3574708723337563 1
3574739584933038 1
3575760281300835 1
3574766055179448 1
3575777784314618 1
3575785065272785 1
3575810457423610 1
3574881989641089 1
3574920346733209 1
3574935970255781 1
3574981885638200 1
3575967215479242 1
3575967576288863 1
3574997992222370 1
3576032072029017 1
3576042239113712 1
3575054094359778 1
3575088752214705 1
3576131040919374 1
3575217886387632 1
3576395840224763 1
3576413816404303 1
3576530703431516 1
3576537179244406 1
3576542078570351 1
3576548869204313 1
3576695027793562 1
3576715894477339 1
3576730989915390 1
3577793197210161 1
3576806777422468 1
3577877700108915 1
3577886554206198 1
3577912558961661 1
3577958776120227 1
3578188443230446 1
3578248673445565 1
3578242625631799 1
3578265069806860 1
3578265614473435 1
3578271125861949 1
3578287747673518 1
3578285000527482 1
3578305611262059 1
3578315706971179 1
3578318651907396 1
3577507121135039 1
3577524678014770 1
3578525418093377 1
3578528366366709 1
3577515161784386 1
3578563875680633 1
3578576655428879 1
3577604269092674 1
3577607247445512 1
3578711351932256 1
3578741651466687 1
3578869267070369 1
3578943737262269 1
3579012888801887 1
3579045256408614 1
3580079256785389 1
3580083706773071 1
3580088047950909 1
3580088660229461 1
3580106896840401 1
3580131912103229 1
3580155211542690 1
3579213045176240 1
3579260033949191 1
3580294068085232 1
3580296563943100 1
3580340301602868 1
3579348122148269 1
3580371633209083 1
3580356198047641 1
3580357981071019 1
3580404713457922 1
3579405898625506 1
3580407414982198 1
3580408832559076 1
3580415065838814 1
3580423126961016 1
3580430659551248 1
3579453295197111 1
3579612434924511 1
3580744364143550 1
3580773837524516 1
3580794146211262 1
3580865684424007 1
3579991172564425 1
3579991210320728 1
3581157687687108 1
3581191091804572 1
3581237278609615 1
3581467504131480 1
3582474623796402 1
3582516126811860 1
3582540281281028 1
3582594593483195 1
3582621122374067 1
3583025365366144 1
3582116426197411 1
3583224862958430 1
3582245396466296 1
3582290796256990 1
3583323417004681 1
3582318566646534 1
3582359099790087 1
3584002755460929 1
3585019140349233 1
3585025373018409 1
3584147475788190 1
3585254264847900 1
3585254046272685 1
3585553637175264 1
3585553678828854 1
3585561417472269 1
